CreateObject(3996, 5840.928711, -4529.442871, -69.899559, 0.0000, 0.0000, 180.0000);
CreateObject(4146, 5824.779785, -4587.991699, -69.874557, 0.0000, 0.0000, 271.8735);
CreateObject(4146, 5939.584473, -4537.882324, -69.831856, 0.0000, 0.0000, 181.8736);
CreateObject(3996, 5820.300293, -4687.108887, -69.777634, 0.0000, 0.0000, 94.3746);
CreateObject(4146, 5761.019531, -4671.926758, -69.843689, 0.0000, 0.0000, 182.7330);
CreateObject(4146, 5741.056152, -4521.678223, -69.868851, 0.0000, 0.0000, 182.7330);
CreateObject(4193, 5861.143555, -4557.830566, -60.378784, 6.0161, 353.1245, 91.4779);
CreateObject(4569, 5936.463379, -4502.847656, -59.908100, 352.2651, 0.0000, 80.4690);
CreateObject(4576, 5655.557129, -4465.633301, -72.882179, 359.1406, 304.9961, 123.7500);
CreateObject(4585, 5932.659668, -4396.783691, -67.985237, 4.2972, 61.8794, 266.3215);
CreateObject(4681, 5787.282715, -4708.044434, -86.492729, 42.1124, 11.1727, 272.5783);
CreateObject(5881, 5880.383301, -4570.986328, -65.399315, 353.9839, 2.5783, 77.7272);
CreateObject(6368, 5793.931641, -4643.507813, -60.496803, 22.3454, 7.7349, 48.7559);
CreateObject(8482, 5698.137207, -4621.919922, -74.592720, 1.7189, 7.7349, 190.9411);
CreateObject(9907, 5851.607910, -4634.029785, -90.563736, 11.1727, 334.2169, 352.2651);
CreateObject(10041, 6018.425781, -4489.037109, -66.355835, 359.1406, 318.7470, 353.1245);
CreateObject(4146, 6036.473633, -4554.810059, -70.344887, 357.4217, 0.0000, 181.8736);
CreateObject(3866, 5812.471680, -4552.270020, -61.950035, 0.0000, 0.0000, 270.9368);
CreateObject(3866, 5809.471191, -4549.161621, -64.029686, 330.7792, 24.0642, 152.5758);
CreateObject(3866, 5801.235352, -4553.132813, -55.888901, 354.8434, 278.3536, 356.8721);
CreateObject(3866, 5892.525391, -4550.187012, -66.652443, 354.8434, 278.3536, 356.8724);
CreateObject(3866, 5890.731445, -4551.694336, -66.949173, 24.9237, 182.9557, 176.4834);
CreateObject(3887, 5860.574707, -4511.272461, -63.109238, 0.0000, 0.0000, 90.0000);
CreateObject(3887, 5860.792969, -4505.938965, -63.572350, 0.0000, 0.0000, 270.0000);
CreateObject(3887, 5860.864746, -4510.649414, -53.213387, 0.0000, 0.0000, 91.3411);
CreateObject(3887, 5862.303223, -4506.146973, -52.229225, 0.0000, 0.0000, 269.6223);
CreateObject(3887, 5760.804688, -4543.278320, -67.445175, 7.7349, 0.0000, 261.8873);
CreateObject(3976, 5682.540039, -4666.478027, -54.910728, 13.7510, 3.4377, 186.0163);
CreateObject(5705, 5804.223633, -4570.761230, -74.221405, 345.3896, 0.0000, 335.8585);
CreateObject(5710, 5893.560547, -4629.737793, -66.510643, 355.7028, 354.8434, 76.0944);
CreateObject(4146, 5865.272461, -4612.714844, -69.854614, 0.0000, 0.8594, 180.0774);
CreateObject(5720, 5713.355469, -4492.276367, -65.878052, 0.0000, 19.7670, 164.1524);
CreateObject(8397, 5905.729980, -4525.239746, -45.715660, 122.8994, 5.1566, 322.1075);
CreateObject(9039, 5749.787598, -4628.220215, -64.783073, 359.1406, 12.0321, 161.2473);
CreateObject(9931, 5912.961426, -4565.775879, -58.516518, 343.6707, 358.2811, 77.8132);
CreateObject(10023, 5751.950684, -4667.029297, -68.710686, 12.0321, 0.0000, 258.7500);
CreateObject(11008, 5725.916016, -4538.059082, -65.884270, 354.8434, 7.7349, 255.3123);
CreateObject(11088, 5926.764160, -4656.958496, -63.376648, 0.0000, 0.0000, 84.9980);
CreateObject(11441, 5833.018066, -4522.618164, -70.388718, 0.0000, 16.3293, 148.1234);
CreateObject(12805, 6020.255859, -4645.305176, -59.216652, 351.4056, 355.7028, 11.2500);
CreateObject(13190, 5882.235352, -4655.607910, -67.363823, 0.0000, 0.0000, 157.5000);
CreateObject(13295, 5776.105957, -4513.100586, -63.557770, 0.0000, 0.0000, 80.7870);
CreateObject(3504, 5835.940918, -4557.782227, -69.138489, 0.0000, 269.7592, 0.0000);
CreateObject(3866, 5843.854980, -4677.827637, -64.103134, 350.5462, 0.0000, 0.0000);
CreateObject(3866, 5845.924316, -4678.144043, -64.412605, 0.0000, 3.4377, 167.1084);
CreateObject(10814, 5925.402344, -4676.231934, -66.510338, 0.0000, 0.0000, 353.0472);
CreateObject(8885, 5906.783203, -4659.108887, -67.987930, 12.0321, 0.0000, 247.5000);
CreateObject(3570, 5913.543945, -4625.518555, -68.865227, 348.8273, 2.5783, 247.5000);
CreateObject(3569, 5913.806152, -4618.654785, -67.600586, 0.0000, 92.8191, 254.7621);
CreateObject(3566, 5776.628906, -4512.286621, -68.247368, 0.0000, 269.7592, 225.0000);
CreateObject(3570, 5762.007324, -4501.136719, -69.016968, 15.4699, 0.0000, 301.0170);
CreateObject(10230, 5938.788086, -4687.945801, -59.168030, 175.3254, 12.0321, 261.3284);
CreateObject(4016, 5658.959473, -4599.188965, -68.936859, 352.2651, 0.0000, 30.1576);
CreateObject(4146, 5668.931152, -4532.239746, -69.722061, 0.0000, 359.1406, 231.0935);
CreateObject(8409, 5853.830078, -4473.255371, -71.194267, 358.2811, 355.7028, 0.0000);
CreateObject(8411, 5853.754395, -4406.426758, -83.168121, 50.7067, 327.3414, 0.0000);
CreateObject(9824, 5842.286133, -4564.346680, -67.424454, 0.0000, 0.0000, 183.3605);
CreateObject(10425, 5762.214355, -4481.056641, -79.019768, 328.2008, 20.6265, 272.5010);
CreateObject(17538, 5919.708984, -4735.423828, -55.621162, 0.0000, 0.0000, 270.0000);
CreateObject(18365, 6003.753906, -4598.707520, -62.212921, 0.0000, 0.0000, 236.2501);
CreateObject(11081, 5804.287598, -4495.451172, -65.296753, 26.6425, 0.0000, 11.2499);
CreateObject(11011, 5811.736328, -4512.749512, -66.080009, 0.0000, 0.0000, 270.0000);
CreateObject(11461, 5842.097168, -4551.480469, -67.922203, 269.7592, 2.5783, 37.8152);
CreateObject(12931, 5845.896484, -4842.227539, -82.521118, 354.8434, 1.7189, 269.7680);
CreateObject(17017, 5845.755859, -4742.824219, -66.212570, 256.0082, 286.9479, 0.0000);
CreateObject(5728, 5702.725586, -4717.125000, -69.131912, 0.0000, 0.0000, 267.5763);
CreateObject(5728, 5676.937500, -4666.272461, -65.751846, 0.0000, 0.0000, 42.5763);
CreateObject(5728, 5667.823242, -4680.360840, -51.549358, 345.3896, 0.0000, 8.8263);
CreateObject(5728, 5681.707520, -4716.989258, -56.250370, 8.5944, 349.6868, 278.7489);
CreateObject(4006, 5625.604004, -4557.749023, -53.405731, 0.0000, 339.3735, 164.1437);
CreateObject(4019, 5771.759766, -4403.773438, -73.143707, 24.9237, 14.6104, 320.8614);
CreateObject(4570, 6074.364746, -4524.427246, -59.305687, 81.6464, 0.0000, 346.2490);
CreateObject(4572, 5986.569336, -4444.669922, -76.072655, 24.9237, 0.0000, 193.2006);
CreateObject(4572, 5886.305176, -4397.809570, -56.658318, 15.4699, 333.3575, 281.0181);
CreateObject(4146, 5828.788574, -4453.428711, -69.815254, 0.0000, 0.0000, 193.9058);
CreateObject(4146, 5927.109863, -4449.854980, -69.872719, 0.0000, 0.0000, 13.9058);
CreateObject(5175, 6106.415527, -4648.579102, -64.097305, 0.0000, 0.0000, 123.7500);
CreateObject(8165, 6058.104492, -4616.190430, -67.694580, 0.0000, 0.0000, 337.5000);
CreateObject(16599, 5877.433594, -4673.632324, -65.996231, 137.5099, 0.0000, 337.5000);
CreateObject(3568, 5945.563965, -4615.929199, -67.763176, 0.0000, 243.9760, 11.2500);
CreateObject(3575, 5927.288086, -4608.300781, -67.372841, 0.0000, 0.0000, 348.8273);
CreateObject(3573, 5943.398438, -4594.185547, -67.837074, 0.0000, 0.0000, 0.0000);
CreateObject(5132, 6036.623535, -4594.204102, -63.956139, 0.0000, 0.0000, 11.2500);
CreateObject(971, 6050.849121, -4623.738281, -55.647682, 11.1727, 335.0763, 284.7651);
CreateObject(971, 6050.451172, -4617.112793, -58.815598, 358.2811, 339.3735, 292.5000);
CreateObject(3988, 5707.288086, -4426.785645, -66.912209, 13.7510, 341.0924, 303.7500);
CreateObject(4048, 5965.344238, -4561.824707, -63.617699, 353.1245, 358.2811, 167.1084);
CreateObject(18266, 5855.368164, -4709.249023, -65.571693, 0.0000, 0.0000, 95.9388);
CreateObject(4058, 6026.127441, -4570.708984, -87.092415, 350.5462, 317.0282, 357.4990);
CreateObject(4060, 5737.288086, -4563.928711, -72.411339, 355.7028, 349.6868, 344.5301);
CreateObject(1216, 5748.667480, -4513.437500, -69.533127, 271.4781, 0.0000, 292.5000);
CreateObject(1226, 5765.373535, -4510.681152, -65.990486, 0.0000, 0.0000, 56.2501);
CreateObject(1226, 5719.873047, -4519.355469, -65.975609, 353.9839, 353.1245, 277.8124);
CreateObject(1226, 5807.732422, -4526.088867, -66.614227, 338.5141, 353.1245, 105.6248);
CreateObject(1283, 5821.362305, -4532.075195, -69.150841, 355.7028, 339.3735, 270.0001);
CreateObject(1283, 5835.556152, -4537.101074, -67.486855, 326.4820, 1.7189, 353.8294);
CreateObject(1283, 5809.542969, -4681.549805, -69.698280, 270.6186, 352.2651, 284.3696);
CreateObject(1283, 5821.363281, -4674.084473, -69.354027, 349.6868, 335.9358, 0.0000);
CreateObject(1290, 5813.800293, -4689.279785, -65.418274, 13.7510, 0.0000, 146.2501);
CreateObject(1296, 5820.314453, -4570.995117, -64.800911, 0.0000, 0.0000, 270.0001);
CreateObject(1340, 5881.244629, -4535.575684, -69.136063, 354.8434, 274.0564, 13.7427);
CreateObject(1346, 5938.740234, -4545.665527, -68.762093, 329.0603, 356.5623, 251.0151);
CreateObject(1366, 5793.943359, -4536.494141, -69.450142, 0.0000, 0.0000, 0.0000);
CreateObject(1366, 5878.561035, -4621.575195, -69.456017, 0.0000, 0.0000, 0.0000);
CreateObject(3460, 5876.045410, -4617.570801, -66.117805, 0.0000, 21.4859, 12.0321);
CreateObject(1211, 5827.620605, -4697.089355, -69.313698, 0.0000, 0.0000, 0.0000);
CreateObject(1244, 5767.559570, -4510.528320, -69.465424, 93.6785, 0.0000, 33.7500);
CreateObject(1257, 5990.311523, -4536.598145, -68.334236, 353.1245, 0.0000, 90.0001);
CreateObject(849, 5894.932617, -4518.981934, -69.438354, 0.0000, 0.0000, 290.3856);
CreateObject(850, 5971.323242, -4533.862793, -69.651611, 0.0000, 0.0000, 315.0000);
CreateObject(851, 5809.515625, -4673.958984, -69.562073, 0.0000, 0.0000, 0.0000);
CreateObject(852, 5830.303711, -4689.949707, -69.910667, 0.0000, 0.0000, 337.5000);
CreateObject(853, 5834.904785, -4729.625000, -69.641045, 0.0000, 0.0000, 77.3493);
CreateObject(4010, 5659.958008, -4539.713867, -69.905235, 0.0000, 0.0000, 123.7500);
CreateObject(4010, 5710.192871, -4541.233398, -69.910378, 0.0000, 0.0000, 0.0000);
CreateObject(4010, 5710.918457, -4634.190430, -69.944717, 0.0000, 0.0000, 315.0000);
CreateObject(4010, 5760.210938, -4681.065430, -69.951859, 0.0000, 0.0000, 349.1449);
CreateObject(4010, 5765.269531, -4561.453125, -69.926971, 0.0000, 0.0000, 356.0203);
CreateObject(4010, 5821.154297, -4563.422852, -69.940750, 0.0000, 0.0000, 356.0203);
CreateObject(4010, 5722.887695, -4438.684570, -69.882957, 0.0000, 0.0000, 206.6327);
CreateObject(4010, 5912.868164, -4443.371582, -69.885582, 0.0000, 0.0000, 266.7945);
CreateObject(4010, 5848.585938, -4510.284668, -70.003242, 0.0000, 0.0000, 258.2000);
CreateObject(4010, 6007.692383, -4479.603516, -69.931801, 0.0000, 0.0000, 258.2000);
CreateObject(4010, 5926.309082, -4500.322754, -69.938988, 0.0000, 0.0000, 266.7945);
CreateObject(4010, 5912.969727, -4568.298340, -69.960899, 0.0000, 0.0000, 266.7945);
CreateObject(4010, 5999.512695, -4545.384277, -69.936996, 0.0000, 0.0000, 93.4285);
CreateObject(4010, 6002.388672, -4600.166992, -69.976685, 0.0000, 0.0000, 93.4285);
CreateObject(4010, 5903.922363, -4614.819824, -69.964592, 0.0000, 0.0000, 93.4285);
CreateObject(4010, 5867.430664, -4670.156250, -70.015182, 0.0000, 0.0000, 93.4285);
CreateObject(4010, 5855.356934, -4712.712891, -70.021057, 0.0000, 0.0000, 93.4285);
CreateObject(17025, 5826.315430, -4752.243164, -69.095520, 0.0000, 0.0000, 112.5000);
CreateObject(17025, 5965.295410, -4641.610840, -66.778229, 24.9237, 1.7189, 149.2918);
CreateObject(17027, 6045.447266, -4459.736328, -57.383667, 0.0000, 0.0000, 303.7499);
CreateObject(17299, 5714.696289, -4709.552246, -75.011246, 0.0000, 0.0000, 20.6262);
CreateObject(17299, 5631.798828, -4564.603027, -79.389946, 0.0000, 0.0000, 332.2750);
CreateObject(17299, 5698.214844, -4495.932129, -77.648506, 0.0000, 0.0000, 265.0072);
CreateObject(17299, 5793.430664, -4451.196777, -79.725021, 0.0000, 0.0000, 286.9670);
CreateObject(17299, 5959.597168, -4570.724121, -80.073471, 0.0000, 0.0000, 230.9955);
CreateObject(17299, 5678.424316, -4645.876953, -77.244934, 0.0000, 0.0000, 326.2500);
CreateObject(3575, 5968.989258, -4634.773926, -67.217804, 0.0000, 0.0000, 105.7880);
CreateObject(3575, 6050.585938, -4613.607910, -67.058411, 0.0000, 0.0000, 173.2880);
CreateObject(3575, 6037.311035, -4623.774414, -67.058411, 0.0000, 0.0000, 105.7881);
CreateObject(3575, 6020.354492, -4626.893555, -66.823212, 353.9839, 18.0482, 97.1937);
CreateObject(880, 5986.187012, -4525.992188, -70.054344, 0.0000, 0.0000, 292.5000);
CreateObject(4010, 5824.220215, -4481.326660, -69.977966, 0.0000, 0.0000, 90.6951);
CreateObject(760, 5784.364258, -4524.949707, -70.068054, 0.0000, 0.0000, 0.0000);
CreateObject(802, 5694.386719, -4526.683594, -69.633110, 0.0000, 0.0000, 0.0000);
CreateObject(865, 5777.856934, -4517.051270, -69.882614, 0.0000, 0.0000, 0.0000);
CreateObject(865, 5746.912109, -4532.142090, -69.843567, 0.0000, 0.0000, 0.0000);
CreateObject(866, 5728.949219, -4505.852051, -69.936638, 0.0000, 0.0000, 0.0000);
CreateObject(865, 5800.650391, -4540.182129, -69.999573, 0.0000, 0.0000, 0.0000);
CreateObject(874, 5789.019531, -4547.285645, -69.252846, 0.0000, 0.0000, 292.5000);
CreateObject(874, 5839.367188, -4574.000000, -69.047562, 0.0000, 0.0000, 329.4557);
CreateObject(3450, 5834.270020, -4535.223145, -69.381889, 0.0000, 0.0000, 184.6746);
CreateObject(9812, 5696.262207, -4497.885254, -67.831039, 0.0000, 339.3735, 343.6707);
CreateObject(9812, 5920.930664, -4519.555664, -51.084751, 358.2811, 351.4056, 350.5462);
CreateObject(14402, 5832.096680, -4702.726074, -69.517410, 0.0000, 0.0000, 326.2500);
CreateObject(14469, 5865.659180, -4698.660645, -69.842201, 0.0000, 0.0000, 343.6707);
CreateObject(16390, 5787.199219, -4550.218262, -70.481079, 0.0000, 0.0000, 191.2501);
CreateObject(17941, 5956.565918, -4539.522461, -68.582230, 0.0000, 0.0000, 258.7500);
CreateObject(17941, 5848.684082, -4616.514648, -68.934639, 0.0000, 0.0000, 258.7500);
CreateObject(17941, 5819.703125, -4605.310547, -68.109398, 0.0000, 357.4217, 343.5160);
CreateObject(17941, 5693.481445, -4534.311523, -68.273010, 0.0000, 357.4217, 165.6884);
CreateObject(17941, 5714.253418, -4662.375488, -68.434937, 0.0000, 357.4217, 353.7319);
CreateObject(17941, 5807.333984, -4474.248535, -68.572510, 0.0000, 357.4217, 181.8447);
CreateObject(17941, 5953.483398, -4472.134766, -69.123955, 0.0000, 0.8594, 77.2347);
CreateObject(17941, 6029.069336, -4487.591797, -68.393394, 0.0000, 357.4217, 265.9061);
CreateObject(17941, 6007.715332, -4617.321777, -68.378708, 0.0000, 357.4217, 282.3124);
CreateObject(17942, 5865.305664, -4725.077637, -68.923271, 0.0000, 0.0000, 0.0000);
CreateObject(1256, 5825.825684, -4604.992188, -69.421371, 1.7189, 85.9436, 17.9708);
CreateObject(1256, 5828.866699, -4704.375977, -69.365051, 1.7189, 85.9436, 17.9708);
CreateObject(1256, 5943.752441, -4526.499512, -69.378670, 1.7189, 85.9436, 265.4708);
CreateObject(17941, 5972.347168, -4539.250000, -69.049545, 0.0000, 0.0000, 77.8130);
CreateObject(1226, 5923.347168, -4537.078613, -66.513725, 338.5141, 353.1245, 319.3750);
CreateObject(1226, 5977.097168, -4539.740723, -66.588730, 338.5141, 353.1245, 128.1254);
CreateObject(10610, 5783.051270, -4753.895508, -59.584091, 0.0000, 0.0000, 315.0000);
CreateObject(6987, 5635.776855, -4714.464844, -93.605087, 349.6868, 340.2330, 292.7320);
CreateObject(6987, 5701.223633, -4389.737305, -110.180779, 349.6868, 340.2330, 250.0014);
CreateObject(6987, 6113.453613, -4590.051758, -112.842514, 349.6868, 340.2330, 253.5938);
CreateObject(13590, 5922.639160, -4510.195801, -66.312195, 350.5462, 266.3215, 124.6095);
CreateObject(18262, 5902.138672, -4538.354004, -48.613926, 347.1084, 339.3735, 11.3273);
CreateObject(18262, 5861.381836, -4508.201172, -53.986126, 6.0161, 0.0000, 326.2500);
CreateObject(18260, 5836.778809, -4511.688965, -53.412457, 0.0000, 0.0000, 270.0001);
CreateObject(18262, 5847.519531, -4508.309082, -50.436256, 2.5783, 358.2811, 146.4045);
CreateObject(18262, 5852.708008, -4508.243164, -46.674873, 20.6265, 358.2811, 189.6084);
CreateObject(3502, 5711.917480, -4453.783203, -69.142982, 0.0000, 0.0000, 348.7500);
CreateObject(3502, 5716.543945, -4456.834961, -69.380753, 0.0000, 0.0000, 11.2500);
CreateObject(3530, 5836.606934, -4498.350098, -60.404541, 0.0000, 0.0000, 0.0000);
CreateObject(3865, 5870.664551, -4559.184082, -46.878109, 355.7028, 353.9839, 165.2346);
CreateObject(1259, 5848.329102, -4527.788086, -45.236954, 0.0000, 271.4781, 272.5783);
CreateObject(1312, 5845.535645, -4530.851563, -66.098518, 0.0000, 0.0000, 270.0000);
CreateObject(1321, 5855.246094, -4523.769531, -68.612053, 12.0321, 359.1406, 340.1556);
CreateObject(4735, 5848.514160, -4522.094727, -44.877724, 0.0000, 275.7753, 272.0966);
CreateObject(18247, 5736.236328, -4437.475586, -62.355026, 311.8716, 274.9158, 78.2680);
CreateObject(18248, 5714.962891, -4434.939453, -57.087654, 271.4781, 3.4377, 315.5413);
CreateObject(18249, 5727.472656, -4459.782227, -67.818268, 0.0000, 12.0321, 348.7500);
CreateObject(1358, 5785.301270, -4569.876953, -69.143692, 331.6386, 0.0000, 0.0000);
CreateObject(1438, 5863.083984, -4501.782227, -53.482666, 0.0000, 0.0000, 90.0000);
CreateObject(1442, 5856.838867, -4517.937988, -53.869595, 0.0000, 0.0000, 0.0000);
CreateObject(16154, 5841.761230, -4516.205078, -50.303684, 0.0000, 0.0000, 270.0000);
CreateObject(16378, 5845.502930, -4516.827637, -49.373322, 0.0000, 0.0000, 0.0001);
CreateObject(14493, 5855.357910, -4516.607422, -52.165726, 0.0000, 0.0000, 146.2500);
CreateObject(9362, 5856.057617, -4515.370605, -49.376419, 0.0000, 0.0000, 337.5000);
CreateObject(2576, 5861.948730, -4499.436523, -53.423409, 0.0000, 0.0000, 11.2500);
CreateObject(18260, 5888.913574, -4520.132324, -68.480682, 0.0000, 0.0000, 267.4218);
CreateObject(5822, 5886.125977, -4517.663086, -61.264084, 0.0000, 0.0000, 186.9527);
CreateObject(971, 6033.531738, -4606.902832, -63.705505, 14.6104, 0.0000, 191.2500);
CreateObject(971, 6028.721680, -4604.041504, -65.730583, 89.3814, 358.2811, 131.6395);
CreateObject(971, 5732.005859, -4506.577637, -69.696983, 89.3814, 358.2811, 131.6395);
CreateObject(4010, 6063.653320, -4477.001953, -70.106743, 0.0000, 0.0000, 258.2000);
CreateObject(903, 5955.546387, -4579.856445, -65.817139, 0.0000, 0.0000, 0.0000);
CreateObject(903, 5721.742676, -4448.095703, -65.997192, 0.0000, 0.0000, 45.0000);
CreateObject(903, 5724.199219, -4584.811035, -66.723732, 0.0000, 0.0000, 303.7500);
CreateObject(1601, 5771.636719, -4509.174805, -67.896309, 0.0000, 0.0000, 202.5000);
CreateObject(1606, 5871.180176, -4557.518555, -46.730209, 0.0000, 0.0000, 332.2661);
CreateObject(903, 5759.013184, -4691.551270, -67.311203, 0.0000, 0.0000, 11.2500);
CreateObject(8885, 5907.439453, -4701.347168, -67.359428, 12.0321, 0.0000, 186.4115);
CreateObject(903, 6001.167969, -4616.734375, -68.072830, 0.0000, 0.0000, 30.0803);
CreateObject(971, 6041.696289, -4605.616211, -61.863152, 4.2972, 20.6265, 191.2500);
CreateObject(18260, 5839.429199, -4700.332520, -68.721420, 0.0000, 0.0000, 360.0000);
CreateObject(17299, 5716.510742, -4723.209961, -55.171535, 0.0000, 64.4577, 67.8948);
CreateObject(17299, 5659.363281, -4640.309082, -55.041470, 0.0000, 64.4577, 338.5140);
CreateObject(17299, 5662.330078, -4666.160645, -47.740311, 0.0000, 64.4577, 340.3877);
CreateObject(17299, 6024.284180, -4434.221680, -59.891724, 0.0000, 64.4577, 317.8877);
CreateObject(17299, 6040.918945, -4435.711914, -42.783390, 0.0000, 64.4577, 205.3878);
CreateObject(17299, 6018.522461, -4426.012695, -44.828484, 0.0000, 64.4577, 207.1067);
CreateObject(17299, 5802.916504, -4431.891113, -60.942257, 0.8594, 46.4095, 231.1714);