15.0 1595.5406 2198.0520 10.3863
15.0 2202.0649 2472.6697 10.5677
15.0 2115.1929 919.9908 10.5266
15.0 2640.7209 1105.9565 10.5274
15.0 608.5971 1699.6238 6.9922
15.0 618.4878 1684.5792 6.9922
15.0 2146.3467 2748.2893 10.5245
15.0 -1679.4595 412.5129 6.9973
15.0 -1327.5607 2677.4316 49.8093
15.0 -1470.0050 1863.2375 32.3521
15.0 -2409.2200 976.2798 45.2969
15.0 -2244.1396 -2560.5833 31.9219
15.0 -1606.0544 -2714.3083 48.5335
15.0 1937.4293 -1773.1865 13.3828
15.0 -91.3854 -1169.9175 2.4213
15.0 1383.4221 462.5385 20.1506
15.0 660.4590 -565.0394 16.3359
15.0 1381.7206,459.1907,20.3452
15.0 -1605.7156,-2714.4573,48.5335