CreateObject(3361,953.84783900,-862.98449700,85.07395200,0.00000000,0.00000000,-154.92165715); //object
CreateObject(9339,946.50073200,-857.00170900,83.00000000,0.00000000,90.24079544,25.07830540); //object(1)
CreateObject(9339,945.32458500,-857.55224600,83.00000000,0.00000000,90.24079544,25.07830540); //object(2)
CreateObject(9339,944.14843800,-858.10278300,83.00000000,0.00000000,90.24079544,25.07830540); //object(3)
CreateObject(9339,942.97229000,-858.65332000,83.00000000,0.00000000,90.24079544,25.07830540); //object(4)
CreateObject(9339,941.79614300,-859.20385700,83.00000000,0.00000000,90.24079544,25.07830540); //object(5)
CreateObject(3361,955.46331800,-857.45587200,89.18376900,0.00000000,0.00000000,-64.92167588); //object(6)
CreateObject(3361,954.69854700,-855.80835000,90.42281300,0.00000000,0.00000000,-64.92167588); //object(7)
CreateObject(3850,949.50451700,-861.92157000,83.68927800,0.00000000,0.00000000,25.15565470); //object(10)
CreateObject(3850,948.04760700,-858.82116700,83.69486200,0.00000000,0.00000000,25.15565470); //object(11)
CreateObject(3850,951.90637200,-866.97522000,83.68753100,0.00000000,0.00000000,25.15565470); //object(12)
CreateObject(3850,951.06884800,-869.25817900,83.68913300,0.00000000,0.00000000,-64.84432658); //object(13)
CreateObject(3850,947.95861800,-870.71765100,83.69199400,0.00000000,0.00000000,-64.84432658); //object(14)
CreateObject(9339,941.46002200,-859.34423800,83.00045000,0.00000000,-90.24091003,25.07830540); //object(15)
CreateObject(3850,945.67681900,-869.87030000,83.69565600,0.00000000,0.00000000,-154.84436515); //object(16)
CreateObject(3850,944.22253400,-866.76812700,83.69569400,0.00000000,0.00000000,-154.84436515); //object(17)
CreateObject(3850,942.78033400,-863.66705300,83.70038600,0.00000000,0.00000000,-154.84436515); //object(18)
CreateObject(3851,949.17059300,-864.36541700,87.94303900,0.00000000,108.28885139,25.07830540); //object(17)
CreateObject(3851,945.73962400,-865.92663600,87.91578700,0.00000000,71.33318820,25.07830540); //object(18)
CreateObject(3361,953.81604000,-863.00878900,85.10742200,0.00000000,-0.85943669,-154.92165715); //object(21)
CreateObject(2295,943.51196300,-863.56384300,83.14709500,0.00000000,0.00000000,112.49997660); //object(22)
CreateObject(2295,943.93975800,-864.50640900,83.14689600,0.00000000,0.00000000,146.24999822); //object(23)
CreateObject(1711,943.53070100,-862.40716600,83.15152000,0.00000000,0.00000000,56.25001695); //object(24)
CreateObject(1728,944.70886200,-861.48022500,83.14092300,0.00000000,0.00000000,20.78112193); //object(27)
CreateObject(1481,949.66436800,-862.99981700,83.84623700,0.00000000,0.00000000,-67.49998596); //object(28)
CreateObject(1481,948.88916000,-861.31359900,83.84605400,0.00000000,0.00000000,-67.49998596); //object(29)
CreateObject(1432,947.13604700,-869.62512200,83.27398700,0.00000000,0.00000000,0.00000000); //object(49)
CreateObject(1432,945.92187500,-867.87432900,83.28628500,0.00000000,0.00000000,-67.49998596); //object(55)
CreateObject(1778,947.94482400,-859.76544200,83.14264700,0.00000000,0.00000000,89.99998128); //object(56)
CreateObject(1808,944.06597900,-865.96612500,83.14624800,0.00000000,0.00000000,114.21884998); //object(57)
CreateObject(1411,949.02722200,-851.84722900,93.54141200,0.00000000,-3.43774677,6.01605685); //object(64)
CreateObject(1411,955.67889400,-850.65295400,94.06524700,0.00000000,-1.71887339,6.09340615); //object(65)
CreateObject(2370,945.79980500,-863.29309100,83.13694000,0.00000000,0.00000000,-67.49998596); //object(35)
CreateObject(1670,945.78875700,-863.10034200,84.01929500,0.00000000,0.00000000,-112.49997660); //object(36)
CreateObject(1670,946.42749000,-862.69366500,84.01929500,0.00000000,0.00000000,-337.50004438); //object(38)
CreateObject(2812,945.82782000,-863.93530300,83.98421500,0.00000000,0.00000000,-67.49998596); //object(39)
CreateObject(2827,946.39251700,-863.42852800,83.99771100,0.00000000,0.00000000,56.25001695); //object(40)
CreateObject(2170,949.06030300,-862.24932900,83.00276900,0.00000000,0.00000000,-64.92167588); //object(40)
CreateObject(2344,945.90564000,-863.37835700,83.99391900,0.00000000,0.00000000,-11.25002631); //object(41)
CreateObject(2700,949.95062300,-863.32208300,86.67553700,0.00000000,0.00000000,-191.24998886); //object(44)
CreateObject(2713,947.40460200,-860.46868900,83.29314400,0.00000000,0.00000000,134.99997191); //object(45)
CreateObject(2817,946.55987500,-863.20819100,83.14299800,0.00000000,0.00000000,202.50001517); //object(47)
CreateObject(2817,945.63653600,-863.60943600,83.14623300,0.00000000,0.00000000,22.49999532); //object(48)
CreateObject(2830,945.94195600,-867.70935100,83.90187800,0.00000000,0.00000000,191.24998886); //object(51)
CreateObject(2842,949.62329100,-864.40423600,83.12838700,0.00000000,0.00000000,-64.92167588); //object(55)
CreateObject(673,958.29626500,-851.17071500,90.90889700,0.00000000,0.00000000,0.00000000); //object(58)
CreateObject(885,951.19622800,-856.74481200,86.24742900,0.00000000,0.00000000,0.00000000); //object(62)
CreateObject(924,951.00567600,-865.94952400,83.32399700,0.00000000,0.00000000,123.74994561); //object(64)
CreateObject(1453,949.34423800,-842.79052700,92.21815500,0.00000000,13.75098708,236.34514779); //object(66)
CreateObject(1453,950.27795400,-843.38665800,92.29991900,0.00000000,14.61042378,226.03196477); //object(67)
CreateObject(1453,950.86084000,-844.43719500,92.28062400,0.00000000,12.03211370,200.24869210); //object(68)
CreateObject(1453,951.33709700,-845.45794700,92.26573200,0.00000000,12.03211370,200.24869210); //object(69)
CreateObject(1453,951.86755400,-846.49310300,92.27412400,0.00000000,12.03211370,200.24869210); //object(70)
CreateObject(1453,952.32946800,-847.62976100,92.25672900,0.00000000,12.03211370,200.24869210); //object(71)
CreateObject(1453,952.39605700,-848.68145800,92.10941300,0.00000000,19.76704393,238.92340057); //object(72)
CreateObject(1453,952.11749300,-849.89160200,91.95117200,0.00000000,0.00000000,240.64227395); //object(73)
CreateObject(1453,952.12475600,-850.83587600,91.92565900,0.00000000,0.00000000,240.64227395); //object(74)
CreateObject(1492,951.67675800,-851.80029300,92.49078400,0.00000000,0.00000000,25.07830540); //object(58)

/*
Objects converted: 58
Vehicles converted: 0
Vehicle models found: 0
----------------------
convertFFS converted your input in 1.37 seconds - Chuck Norris could have done it in 0.0217 seconds!
*/
